Mês,Semana,Tema / Conteúdo,ADS
Jan 2026,S1,DNA VET: Retorno,Não
Jan 2026,S1,Clube Laslo: TCI,Sim
Jan 2026,S2,Insumos: Descartáveis,Sim
Jan 2026,S2,Clube Laslo: Transformando compras em benefícios,Não
Jan 2026,S3,Insumos: O perigo de descartáveis genéricos,Não
Jan 2026,S3,Repost à escolher,Sim
Jan 2026,S4,Conceito: Por que o DNA da Laslo é 100% VET?,Sim
Jan 2026,S4,Bomba TCI: Protocolos VET de alto desempenho,Sim
Fev 2026,S1,Clube Laslo: Vantagens exclusivas para clínicas,Não
Fev 2026,S1,Insumos: Seringas Serisam de 20ml e 60ml,Sim
Fev 2026,S2,Produtos: Todas as Bombas,Sim
Fev 2026,S2,Bomba TCI: Diferença entre TIVA e TCI,Sim
Fev 2026,S3,Dia Mundial do Gato (17/02): Precisão para felinos | Repost à escolher,Sim
Fev 2026,S3,Antecipação: Faltam 20 dias para Animal Health 10/03,Sim
Fev 2026,S4,Antecipação: Dia Internacional da Mulher VET,Sim
Fev 2026,S4,— (semana de preparação),Não
Mar 2026,S1,Insumos: Equipos fotoprotetores e cristal,Sim
Mar 2026,S1,Mulher VET: Homenagem ao Dia da Mulher (08/03),Não
Mar 2026,S2,Repost à escolher,Não
Mar 2026,S2,Evento: Cobertura Animal Health 10–12/03 | Dia Nacional dos Animais (14/03),Sim
Mar 2026,S3,Bomba TCI: A tecnologia que seu Pet merece,Sim
Mar 2026,S3,Clube Laslo,Não
Mar 2026,S4,Antecipação: Prevenção à Crueldade Animal,Sim
Mar 2026,S4,— (semana de preparação),Não
Abr 2026,S1,Abril Laranja — Prevenção contra Crueldade Animal,Não
Abr 2026,S1,Insumos: Por que a precisão depende do equipo?,Não
Abr 2026,S2,Bomba TCI,Não
Abr 2026,S2,Carrossel de Insumos,Não
Abr 2026,S3,Bombas: Comodato,Não
Abr 2026,S3,Da Infusão à Anestesia - Insumos,Não
Abr 2026,S4,Clube Laslo,Não
Abr 2026,S4,Insumos: Lastovet,Não
Mai 2026,S1,Dia das Mães — As "Pet Moms" e a segurança animal,Não
Mai 2026,S1,Dia do Zootecnista (13/05): Homenagem,Não
Mai 2026,S2,Bomba TCI: Tecnologia alvo-controle em cirurgias,Sim
Mai 2026,S2,Insumos: Diferencial das Seringas Serisam,Sim
Mai 2026,S3,Dia Nacional da Adoção (25/05): Apoio à causa,Não
Mai 2026,S3,Clube Laslo: Como aderir ao programa de fidelidade,Não
Mai 2026,S4,Conceito: "De ouvidos ao seu Pet" — Segurança Laslo,Sim
Mai 2026,S4,ELASTOVET #1 — Carrossel: Apresentação do produto,Não
Jun 2026,S1,Bombas: Todas,Não
Jun 2026,S1,Insumos: Segurança garantida pela fábrica,Sim
Jun 2026,S2,Bomba TCI: O futuro da anestesia veterinária,Sim
Jun 2026,S2,📡 Webinar ICAVET [D-20 — 10/06] — Story: Webinar em 20 dias! A sua bomba está realmente segura?,Não
Jun 2026,S2,📡 Webinar ICAVET [D-17 — 13/06] — Story: Salve a data! 30/06 às 20h — inscrição gratuita,Não
Jun 2026,S3,ELASTOVET #2 — Reel: Como funciona a bomba elastomérica?,Não
Jun 2026,S3,📡 Webinar ICAVET [D-13 — 17/06] — Story: Sua bomba pode estar falhando com pacientes críticos. Você saberia identificar?,Não
Jun 2026,S3,📡 Webinar ICAVET [D-10 — 20/06] — Story: Faltam 10 dias — link na bio para se inscrever gratuitamente,Não
Jun 2026,S4,Insumos: Seringas e Equipos,Sim
Jun 2026,S4,📡 Webinar ICAVET [D-7 — 23/06] — Feed: Salve a data! 30/06 às 20h — A falsa segurança da infusão,Sim
Jun 2026,S4,📡 Webinar ICAVET [D-3 — 27/06] — Feed: Inscrições abertas — faltam 3 dias. Link na bio.,Sim
Jun 2026,S5,Clube Laslo: Promoção relâmpago de insumos,Sim
Jun 2026,S5,📡 Webinar ICAVET [D-0 — 30/06] — Feed + Story: Hoje às 20h — ao vivo! Link na bio.,Sim
Jul 2026,S1,Antecipação PET VET Expo (12–14/ago): Faltam ~35 dias — Presença Laslo confirmada,Sim
Jul 2026,S1,📡 Webinar Descartáveis [D-20 — 01/07] — Story: Webinar em 20 dias! Alarme de oclusão — você conhece as 5 causas?,Não
Jul 2026,S1,📡 Webinar Descartáveis [D-17 — 04/07] — Story: Salve a data! 21/07 às 20h — inscrição gratuita,Não
Jul 2026,S2,Antecipação PET VET Expo: Faltam 30 dias — O que esperar do estande Laslo?,Sim
Jul 2026,S2,📡 Webinar Descartáveis [D-13 — 08/07] — Story: O alarme de oclusão te acorda à noite? Você pode estar ignorando a causa raiz,Não
Jul 2026,S2,📡 Webinar Descartáveis [D-10 — 11/07] — Story: Faltam 10 dias — link na bio para garantir sua vaga,Não
Jul 2026,S3,Clube Laslo: Benefícios,Não
Jul 2026,S3,Insumos: Reposição de estoque para clínicas,Não
Jul 2026,S3,ELASTOVET #3 — Carrossel: Libere o leito (foco clínica),Não
Jul 2026,S3,📡 Webinar Descartáveis [D-7 — 14/07] — Feed: Salve a data! 21/07 às 20h — Alarme de oclusão: 5 causas que colocam seu paciente em risco,Sim
Jul 2026,S3,📡 Webinar Descartáveis [D-3 — 18/07] — Feed: Inscrições abertas — faltam 3 dias. Link na bio.,Sim
Jul 2026,S4,Dia do Vira-lata (31/07): Respeito à raça,Não
Jul 2026,S4,Conceito: O DNA que entende o veterinário,Não
Jul 2026,S4,📡 Webinar Descartáveis [D-0 — 21/07] — Feed + Story: Hoje às 20h — ao vivo! Link na bio.,Sim
Ago 2026,S1,📡 Webinar BS680 [D-20 — 05/08] — Story: Webinar em 20 dias! TIVA para todos — bomba de seringa que democratizou a anestesia,Não
Ago 2026,S1,PET VET Expo: Post Convite — Estande e localização [01/08],Sim
Ago 2026,S1,PET VET Expo: Falta 1 semana para o evento! [05/08],Sim
Ago 2026,S1,Dia Mundial do Gato (08/08): Tecnologia felina,Não
Ago 2026,S1,Dia dos Pais (09/08 — Pet Dads): Cuidando de quem ama,Não
Ago 2026,S2,PET VET Expo: Começa amanhã — nos vemos lá! [11/08],Sim
Ago 2026,S2,📡 Webinar BS680 [D-17 — 08/08] — Story: Salve a data! 25/08 às 20h — TIVA acessível para qualquer clínica,Não
Ago 2026,S2,PET VET Expo: Dia 1 — ao vivo [12/08] (material avulso),Sim
Ago 2026,S2,📡 Webinar BS680 [D-13 — 12/08] — Story: Faltam 13 dias para o webinar BS680 — inscreva-se gratuitamente,Não
Ago 2026,S2,PET VET Expo: Dia 2 — ao vivo [13/08] (material avulso),Sim
Ago 2026,S2,PET VET Expo: Dia 3 — ao vivo [14/08] (material avulso),Sim
Ago 2026,S3,📡 Webinar BS680 [D-10 — 15/08] — Story: Faltam 10 dias — link na bio para garantir sua vaga,Não
Ago 2026,S3,Insumos: Por que usar seringas de precisão?,Sim
Ago 2026,S3,Bomba TCI: Redução de riscos cirúrgicos,Sim
Ago 2026,S3,ELASTOVET (pós-feira): Conheça a bomba ELASTOvet,Sim
Ago 2026,S3,📡 Webinar BS680 [D-7 — 18/08] — Feed: Salve a data! 25/08 às 20h — TIVA para todos: anestesia de qualidade sem pesar no bolso,Sim
Ago 2026,S4,Dia Mundial do Cachorro (26/08): Segurança Laslo,Não
Ago 2026,S4,Antecipação: Dia do Médico Veterinário — setembro,Sim
Ago 2026,S4,ELASTOVET #4 — Reel: Depoimento Dr. Marco,Não
Ago 2026,S4,📡 Webinar BS680 [D-3 — 22/08] — Feed: Inscrições abertas — faltam 3 dias. Link na bio.,Sim
Ago 2026,S4,📡 Webinar BS680 [D-0 — 25/08] — Feed + Story: Hoje às 20h — ao vivo! Link na bio.,Sim
Set 2026,S1,Dia do Médico Veterinário (09/09): Nossa homenagem,Sim
Set 2026,S1,Dia do Cliente (15/09): Foco Clube Laslo,Não
Set 2026,S2,📡 Webinar Elastovet [D-20 — 09/09] — Story: Webinar em 20 dias! Pós-operatório domiciliar com infusão contínua — como?,Não
Set 2026,S2,Insumos: Descartáveis,Sim
Set 2026,S2,Bomba TCI: Alvo-controle para procedimentos longos,Sim
Set 2026,S2,📡 Webinar Elastovet [D-17 — 12/09] — Story: Salve a data! 29/09 às 20h — o pós-op que libera o animal para casa,Não
Set 2026,S3,Clube Laslo: Parcerias com grandes distribuidores,Não
Set 2026,S3,Conceito: Confiança se constrói com qualidade,Não
Set 2026,S3,📡 Webinar Elastovet [D-13 — 16/09] — Story: Seu paciente realmente precisa ficar internado para infusão contínua? Faltam 13 dias,Não
Set 2026,S3,📡 Webinar Elastovet [D-10 — 19/09] — Story: Faltam 10 dias — link na bio para se inscrever gratuitamente,Não
Set 2026,S4,Bomba TCI: Precisão que o seu Pet merece,Sim
Set 2026,S4,Antecipação: CBAV Salvador — data a confirmar,Não
Set 2026,S4,ELASTOVET #5 — Reel: FAQ — O animal pode ir para casa?,Não
Set 2026,S4,📡 Webinar Elastovet [D-7 — 22/09] — Feed: Salve a data! 29/09 às 20h — Pós-operatório domiciliar com controle da dor 24h,Sim
Set 2026,S4,📡 Webinar Elastovet [D-3 — 26/09] — Feed: Inscrições abertas — faltam 3 dias. Link na bio.,Sim
Set 2026,S5,📡 Webinar Elastovet [D-0 — 29/09] — Feed + Story: Hoje às 20h — ao vivo! Link na bio.,Sim
Set 2026,S5,📡 Webinar BSVET TCI [D-20 — 30/09] — Story: Webinar em 20 dias! Anestesia alvo-controlada — você está pronto para a revolução?,Não
Out 2026,S1,Dia do Vendedor (01/10): Homenagem ao time,Não
Out 2026,S1,Dia Mundial dos Animais (04/10): Proteção,Não
Out 2026,S1,📡 Webinar BSVET TCI [D-17 — 03/10] — Story: Salve a data! 20/10 às 20h — TCI: o futuro (obrigatório) da sua rotina,Não
Out 2026,S2,📡 Webinar BSVET TCI [D-13 — 07/10] — Story: Você ainda faz cálculos na mão? Faltam 13 dias para o webinar TCI,Não
Out 2026,S2,Foco: Dia do Anestesista (16/10) — Bomba TCI,Sim
Out 2026,S2,Dia do Balconista (30/10): Parceiros comerciais,Não
Out 2026,S2,📡 Webinar BSVET TCI [D-10 — 10/10] — Story: Faltam 10 dias — link na bio para garantir sua vaga,Não
Out 2026,S3,Antecipação: Faltam ~27 dias para Feira PetNor 15–17/11,Sim
Out 2026,S3,Insumos: Não aceite equipamentos sem registro,Sim
Out 2026,S3,📡 Webinar BSVET TCI [D-7 — 13/10] — Feed: Salve a data! 20/10 às 20h — Anestesia alvo-controlada: você está pronto para a revolução?,Sim
Out 2026,S3,📡 Webinar BSVET TCI [D-3 — 17/10] — Feed: Inscrições abertas — faltam 3 dias. Link na bio.,Sim
Out 2026,S4,Antecipação: Prepare-se para a BLACK FRIDAY,Sim
Out 2026,S4,Bomba TCI: Upgrade técnico para sua clínica,Sim
Out 2026,S4,📡 Webinar BSVET TCI [D-0 — 20/10] — Feed + Story: Hoje às 20h — ao vivo! Link na bio.,Sim
Nov 2026,S1,Evento: Cobertura Feira PetNor 15–17/11,Sim
Nov 2026,S1,Insumos: O diferencial da precisão Laslo,Não
Nov 2026,S1,📡 Webinar BVVET [D-20 — 04/11] — Story: Webinar em 20 dias! Erros em bombas de infusão que colocam pacientes em risco,Não
Nov 2026,S1,📡 Webinar BVVET [D-17 — 07/11] — Story: Salve a data! 24/11 às 20h — erros comuns que você pode estar cometendo,Não
Nov 2026,S2,Black Friday: Foco em resultados e ROI,Sim
Nov 2026,S2,Cobertura PETNOR,Não
Nov 2026,S2,📡 Webinar BVVET [D-13 — 11/11] — Story: Seu paciente nefropata está recebendo hidratação com a precisão certa? Faltam 13 dias,Não
Nov 2026,S2,📡 Webinar BVVET [D-10 — 14/11] — Story: Faltam 10 dias — link na bio para se inscrever gratuitamente,Não
Nov 2026,S3,CAMPANHA: SEMANA BLACK FRIDAY LASLO,Sim
Nov 2026,S3,Clube Laslo: Pontuação em dobro na Black,Sim
Nov 2026,S3,📡 Webinar BVVET [D-7 — 17/11] — Feed: Salve a data! 24/11 às 20h — Erros comuns em bombas de infusão (vagas limitadas),Sim
Nov 2026,S3,📡 Webinar BVVET [D-3 — 21/11] — Feed: Inscrições abertas — faltam 3 dias. Link na bio.,Sim
Nov 2026,S4,Resultados: O sucesso da Black Friday Laslo,Não
Nov 2026,S4,Insumos: Reposição de estoque pós-Black,Sim
Nov 2026,S4,📡 Webinar BVVET [D-0 — 24/11] — Feed + Story: Hoje às 20h — ao vivo! Link na bio.,Sim
Nov 2026,S4,📡 Webinar Pedestal Roama [D-20 — 25/11] — Story: Webinar em 20 dias! Centro cirúrgico organizado — o espaço físico influencia o desfecho,Não
Nov 2026,S4,📡 Webinar Pedestal Roama [D-17 — 28/11] — Story: Salve a data! 15/12 às 20h — centro cirúrgico ou caos de fios?,Não
Dez 2026,S1,Natal: Mensagem institucional Laslo,Não
Dez 2026,S1,Clube Laslo: Premiação final do ano,Não
Dez 2026,S1,📡 Webinar Pedestal Roama [D-13 — 02/12] — Story: Fios espalhados no centro cirúrgico podem custar a vida do paciente. Faltam 13 dias,Não
Dez 2026,S1,📡 Webinar Pedestal Roama [D-10 — 05/12] — Story: Faltam 10 dias — link na bio para garantir sua vaga,Não
Dez 2026,S2,Insumos: Garantindo o cuidado nas festas,Sim
Dez 2026,S2,📡 Webinar Pedestal Roama [D-7 — 08/12] — Feed: Salve a data! 15/12 às 20h — como organizar o espaço cirúrgico para salvar vidas,Sim
Dez 2026,S2,📡 Webinar Pedestal Roama [D-3 — 12/12] — Feed: Inscrições abertas — faltam 3 dias. Link na bio.,Sim
Dez 2026,S3,Metas 2027: O nosso DNA continuará sendo VET,Não
Dez 2026,S3,Natal: Mensagem institucional Laslo,Sim
Dez 2026,S3,📡 Webinar Pedestal Roama [D-0 — 15/12] — Feed + Story: Hoje às 20h — ao vivo! Link na bio.,Sim
Dez 2026,S4,Boas Festas: Encerramento do ano estratégico,Não
Dez 2026,S4,Conceito: A Empresa que respeita o seu Pet,Não
